-1
-1
127
-65
0
0
-128
63
0
0
-128
63
0
0
-128
52
0
0
-128
63
1
0
48
52
-1
-1
127
-65
0
0
-128
63
0
0
-128
63
0
0
0
51
0
0
0
0
0
0
-128
63
0
0
-128
63
0
0
-128
-65
0
0
-128
-65
0
0
-128
63
0
0
-96
-76
-24
-1
63
51
-6
-1
127
-65
3
0
-128
63
0
0
-128
-65
0
0
0
0
0
0
0
0
0
0
-128
-65
3
0
-128
-65
-6
-1
127
-65
0
0
-128
63
0
0
0
51
0
0
0
0
0
0
-128
63
1
0
-128
-65
-3
-1
127
-65
0
0
-128
-65
1
0
-104
-76
0
0
-128
-65
3
0
64
-76
-1
-1
127
-65
0
0
-128
63
0
0
-128
63
0
0
-128
-65
0
0
-128
52
-1
-1
15
-76
3
0
-128
-65
-6
-1
127
-65
0
0
-128
63
0
0
-128
-65
0
0
-128
52
-1
-1
15
-76
-11
-1
127
63
5
0
-128
-65
0
0
-128
63
0
0
-128
63
0
0
-96
-76
-24
-1
63
51
0
0
-128
63
-1
-1
127
63
0
0
-128
-65
0
0
-128
63
0
0
-96
-76
-24
-1
63
51
0
0
-128
63
0
0
-128
-65
0
0
-128
-65
1
0
-104
-76
0
0
-128
-65
3
0
64
-76
-6
-1
127
-65
3
0
-128
63
0
0
-128
-65
0
0
-128
52
0
0
-128
63
1
0
48
52
1
0
-128
-65
-3
-1
127
-65
0
0
-128
-65
0
0
0
0
0
0
0
0
0
0
-128
-65
4
0
-128
63
-9
-1
127
63
0
0
-128
63
0
0
0
51
0
0
0
0
0
0
-128
63
-11
-1
127
63
5
0
-128
-65
0
0
-128
63
0
0
0
51
0
0
0
0
0
0
-128
63
0
0
-128
63
-1
-1
127
63
0
0
-128
-65
0
0
-128
52
0
0
-128
63
1
0
48
52
0
0
-128
63
-1
-1
127
63
0
0
-128
-65
0
0
0
0
0
0
0
0
0
0
-128
-65
1
0
-128
-65
-3
-1
127
-65
0
0
-128
-65
0
0
-128
-65
0
0
-128
52
-1
-1
15
-76
-11
-1
127
63
5
0
-128
-65
0
0
-128
63
1
0
-104
-76
0
0
-128
-65
3
0
64
-76
4
0
-128
63
-9
-1
127
63
0
0
-128
63
0
0
-128
52
0
0
-128
63
1
0
48
52
-6
-1
127
-65
3
0
-128
63
0
0
-128
-65
0
0
-128
-65
0
0
-128
52
-1
-1
15
-76
0
0
-128
63
0
0
-128
-65
0
0
-128
-65
0
0
0
0
0
0
0
0
0
0
-128
-65
3
0
-128
-65
-6
-1
127
-65
0
0
-128
63
1
0
-104
-76
0
0
-128
-65
3
0
64
-76
4
0
-128
63
-9
-1
127
63
0
0
-128
63
0
0
-128
63
0
0
-96
-76
-24
-1
63
51
3
0
16
0
21
0
3
0
21
0
12
0
14
0
13
0
1
0
14
0
1
0
4
0
2
0
9
0
23
0
2
0
23
0
8
0
5
0
10
0
18
0
5
0
18
0
22
0
20
0
17
0
7
0
20
0
7
0
6
0
0
0
19
0
15
0
0
0
15
0
11
0
